[0.38412467 0.2996218  0.5052844  ... 0.97504485 0.63405025 0.24311645][[ 0.06286569  0.00642085  0.00551277 ...  0.00960774 -0.012259
   0.00854459]
 [ 0.00642085  0.06790419 -0.00332366 ... -0.00044073 -0.01835894
  -0.00197618]
 [ 0.00551277 -0.00332366  0.12910848 ... -0.050699    0.01299296
   0.04031246]
 ...
 [ 0.00960774 -0.00044073 -0.050699   ...  0.29084448 -0.0055482
  -0.00551225]
 [-0.012259   -0.01835894  0.01299296 ... -0.0055482   0.16514775
  -0.01173425]
 [ 0.00854459 -0.00197618  0.04031246 ... -0.00551225 -0.01173425
   0.06443046]]Recipe1M_salad